<?xml version="1.0"?>
<opencv_storage>
<intrinsic type_id="opencv-matrix">
  <rows>3</rows>
  <cols>3</cols>
  <dt>d</dt>
  <data>
    1.4081611817546031e+03 0. 6.8521106944910616e+02 0.
    1.4109669375660162e+03 4.6311968367904109e+02 0. 0. 1.</data></intrinsic>
<distortion type_id="opencv-matrix">
  <rows>1</rows>
  <cols>5</cols>
  <dt>d</dt>
  <data>
    1.6328374812154618e-02 8.9363386683964818e-01
    -4.8925554104377348e-03 4.4769160733471019e-03
    -3.4563057634131433e+00</data></distortion>
<rotation type_id="opencv-matrix">
  <rows>30</rows>
  <cols>1</cols>
  <dt>"3d"</dt>
  <data>
    2.6711788422485705e-01 1.9932210725330224e-01 1.4770409156315336e+00
    9.9875226370644266e-01 7.2930004796607573e-01 1.4474131028435475e+00
    9.9050586817009112e-01 7.1320711004605342e-01 1.4377379707500850e+00
    -6.8345501139048970e-01 9.5764364544017477e-01
    -1.3592475323887150e+00 -2.1256499721981142e-01
    -4.1782081742599270e-01 1.4972862707665986e+00
    4.8491314392099100e-01 -3.7500636194783998e-01
    -1.5876967135909312e+00 -3.7219924629825413e-01
    -4.6885706059416937e-01 1.4643827981381132e+00
    -3.5179911926796037e-01 -4.5907446992795820e-01
    1.4707705379845106e+00 7.9046613991901760e-01 4.1000186878344963e-01
    1.3377537099114581e-01 7.8365197411430232e-01 4.4243616693021659e-01
    1.1387628075898144e-01 7.6480873092514456e-01 4.4656724153212196e-01
    9.1119286440864602e-02 7.7561874211824589e-01 4.5112151531021577e-01
    8.0296750389757615e-02 -1.4115860108769879e-01
    2.1984430493218840e-01 3.6721939486500814e-02
    -2.7677104137185643e-01 4.1436035669693438e-01
    4.4733432145093607e-02 -3.8639681186973285e-01
    4.0402022223222589e-01 4.4685032452540706e-02
    -4.2756748612558809e-01 3.9035146776061636e-01
    4.7308279062318478e-02 -4.4581056345525971e-01
    4.1648220665185509e-01 4.0211102096329471e-02
    -4.2028764459911166e-01 4.3027100047771039e-01
    2.3117449022496836e-02 -3.8529789236779066e-01
    4.3703490581702137e-01 1.8309273499817924e-02
    -3.7935725712593038e-01 4.3935361329669836e-01
    1.0247479049952806e-02 -3.4147645787048819e-01
    4.4171455175138113e-01 -9.8871204887770892e-03
    -3.4130402585197561e-01 4.5519514460584631e-01
    -2.4485527907659455e-02 -3.4685566751045332e-01
    4.6323728896291294e-01 -2.9616450163987132e-02
    -3.5191301689239374e-01 4.6694758565684874e-01
    -2.8699970416625139e-02 -3.4273856941974651e-01
    4.6958960823362711e-01 -2.7157122838542793e-02
    -3.6851802478685025e-02 6.7171141900999776e-01
    4.3695376688015691e-01 4.9733828999909030e-01
    -3.0711024103494805e-01 9.8249673865585987e-02
    5.0660184879661907e-01 -2.9995942280874732e-01
    1.1489613304084270e-01 4.9640409091453247e-01
    -2.8947670649816920e-01 1.0620180987713920e-01
    4.8173014169192746e-01 -2.6266811181119121e-01
    9.3973344696728162e-02</data></rotation>
<translation type_id="opencv-matrix">
  <rows>30</rows>
  <cols>1</cols>
  <dt>"3d"</dt>
  <data>
    1.4042120010206582e-01 -1.5042736552747274e-01
    5.2363665390411973e-01 1.0149119473622974e-01
    -1.2049935367366245e-01 3.9413248444351523e-01
    1.0704716570495255e-01 -1.1913454010257835e-01
    3.9272266225383040e-01 4.0945028169350126e-02 1.0311223749514171e-01
    5.9081747277548580e-01 1.0505632872576408e-01
    -1.4717275990385298e-01 5.0680403062566870e-01
    -5.4452074784034091e-02 1.2462358390002641e-01
    4.4201166459747843e-01 8.6444130076392955e-02
    -1.3153507650311475e-01 5.1442097833021661e-01
    8.4319091636843396e-02 -1.3126283105529007e-01
    5.2106190489728810e-01 -8.5654285454938209e-02
    -1.3440461537745399e-01 4.5878795035894931e-01
    -1.0232932322180943e-01 -1.3531615594548529e-01
    4.8994593995979879e-01 -1.2304719026709302e-01
    -1.5000777105709281e-01 4.8617710139337167e-01
    -1.2132597424875199e-01 -1.4592243389186546e-01
    4.8404368654632957e-01 -1.1779300728441772e-01
    -1.1418581625126252e-01 5.4927813540148351e-01
    -5.8859331427989409e-02 -1.2548199968581991e-01
    5.7286731745496211e-01 -5.7341333687120459e-02
    -1.2910912823029522e-01 5.6630775938480804e-01
    -5.6525781012830095e-02 -1.3061984835135557e-01
    5.6757583086717500e-01 -5.8281551772861241e-02
    -1.3216392286689399e-01 5.6944788821569603e-01
    -5.7368636566278032e-02 -1.2846429430799691e-01
    5.6665761766042844e-01 -5.7210405140256486e-02
    -1.2378946307558900e-01 5.6737878434441191e-01
    -5.8031394839749770e-02 -1.2112418465759774e-01
    5.7249367828579767e-01 -5.5678725127257828e-02
    -1.1454548751156413e-01 5.7038110301327538e-01
    -5.1270153261608088e-02 -1.0344653964978442e-01
    5.7522976311103768e-01 -4.9679614914299064e-02
    -9.9869777519263292e-02 5.7860003621417244e-01
    -5.0683147191292847e-02 -9.9459422020569052e-02
    5.7924022283075094e-01 -5.1350058286933120e-02
    -9.9379122453631702e-02 5.7791755489436902e-01
    -9.7367253548132585e-03 -1.7534535459328501e-01
    5.5674110941583421e-01 -1.0260366451095081e-01
    -8.6342305895994259e-02 3.3448623199571648e-01
    -1.0674970822763531e-01 -9.2046939802011979e-02
    3.3072916907851013e-01 -1.0632969729036992e-01
    -9.0113266569355935e-02 3.3304862063497670e-01
    -1.0345744990673648e-01 -9.0219131975702596e-02
    3.3843424455903470e-01</data></translation>
</opencv_storage>
