<?xml version="1.0"?>
<opencv_storage>
<intrinsic type_id="opencv-matrix">
  <rows>3</rows>
  <cols>3</cols>
  <dt>d</dt>
  <data>
    1.4259020900909577e+03 0. 6.9996449022669572e+02 0.
    1.4210008138974511e+03 4.6675476822848447e+02 0. 0. 1.</data></intrinsic>
<distortion type_id="opencv-matrix">
  <rows>1</rows>
  <cols>5</cols>
  <dt>d</dt>
  <data>
    6.1402034585076572e-02 3.1244287726642528e-01
    -4.6816679618683112e-03 8.3183703593769937e-03
    -1.2025407855481218e+00</data></distortion>
<rotation type_id="opencv-matrix">
  <rows>3</rows>
  <cols>3</cols>
  <dt>d</dt>
  <data>
    -6.7033451751407702e-01 -7.1553240093156856e-01
    1.9663422348684520e-01 -1.9853091439922227e-01
    -8.2394312492193755e-02 -9.7662513447931876e-01
    7.1500846894073800e-01 -6.9370351050433909e-01
    -8.6823550128856355e-02</data></rotation>
<translation type_id="opencv-matrix">
  <rows>3</rows>
  <cols>1</cols>
  <dt>d</dt>
  <data>
    1.3646350922350783e-01 4.9947809241933094e-02 3.6600677646144086e-01</data></translation>
</opencv_storage>
