<?xml version="1.0"?>
<opencv_storage>
<intrinsic type_id="opencv-matrix">
  <rows>3</rows>
  <cols>3</cols>
  <dt>d</dt>
  <data>
    1.4255031906107051e+03 0. 6.9770294188774244e+02 0.
    1.4215330683321438e+03 4.6541722878312913e+02 0. 0. 1.</data></intrinsic>
<distortion type_id="opencv-matrix">
  <rows>1</rows>
  <cols>5</cols>
  <dt>d</dt>
  <data>
    -9.7939672195493099e-03 8.8068397732351389e-01
    -4.3839710119281290e-03 7.3229365832511197e-03
    -2.8594948697360532e+00</data></distortion>
<rotation type_id="opencv-matrix">
  <rows>3</rows>
  <cols>3</cols>
  <dt>d</dt>
  <data>
    -1.1527182399837010e-01 -9.9211893973316534e-01
    4.9116351806995348e-02 -1.1903863806737468e-01
    -3.5292640768051498e-02 -9.9226217914152193e-01
    9.8617554686736841e-01 -1.2022661490018352e-01
    -1.1403224031163128e-01</data></rotation>
<translation type_id="opencv-matrix">
  <rows>3</rows>
  <cols>1</cols>
  <dt>d</dt>
  <data>
    1.4841522545173192e-02 7.0031433633410675e-02 2.9080002039360585e-02</data></translation>
</opencv_storage>
